19800501
19800502
19800503
19800504
19800506
19800507
19800508
19800509
19800510
19800511
19800516
19800521
19800523
19800527
19800528
19800602
19800603
19800605
19800606
19810503
19810512
19810513
19810514
19810515
19810516
19810520
19810521
19810522
19810523
19810528
19810529
19810530
19810531
19810601
19810602
19810603
19810604
19810605
19820501
19820502
19820503
19820506
19820507
19820508
19820511
19820514
19820515
19820520
19820606
19820607
19820608
19820609
19820610
19820611
19820616
19820623
19820624
19820625
19830501
19830513
19830514
19830516
19830521
19830522
19830523
19830524
19830525
19830526
19830527
19830531
19830601
19830602
19830603
19830604
19830608
19830609
19830613
19830614
19830616
19830617
19830618
19830619
19840505
19840514
19840515
19840516
19840517
19840518
19840519
19840526
19840527
19840528
19840529
19840530
19840602
19840603
19840604
19840611
19840612
19840613
19840616
19840617
19850507
19850508
19850510
19850516
19850517
19850521
19850524
19850528
19850529
19850530
19850531
19850601
19850602
19850603
19850605
19850606
19850607
19850608
19850610
19850611
19850613
19850616
19860502
19860503
19860504
19860507
19860508
19860512
19860514
19860515
19860518
19860521
19860525
19860526
19860530
19860531
19860604
19860605
19860606
19860607
19860608
19860610
19860618
19860619
19870503
19870504
19870505
19870506
19870507
19870508
19870514
19870517
19870518
19870519
19870520
19870523
19870524
19870529
19870530
19870608
19870609
19870615
19870616
19870622
19870625
19870626
19870627
19880501
19880505
19880508
19880509
19880510
19880512
19880513
19880515
19880516
19880517
19880518
19880522
19880523
19880524
19880525
19880526
19880527
19880528
19880529
19880530
19880601
19880613
19880614
19880623
19880624
19880625
19880626
19890501
19890503
19890504
19890505
19890512
19890513
19890514
19890516
19890517
19890518
19890520
19890524
19890525
19890529
19890530
19890531
19890602
19890603
19890610
19890619
19890623
19900504
19900505
19900510
19900511
19900512
19900513
19900514
19900518
19900523
19900524
19900527
19900528
19900529
19900601
19900602
19900603
19900604
19900606
19900609
19900610
19910501
19910507
19910508
19910509
19910514
19910528
19910529
19910604
19910606
19910607
19910608
19910620
19910621
19910622
19910623
19910624
19910625
19910626
19920503
19920509
19920510
19920516
19920518
19920519
19920522
19920523
19920526
19920527
19920530
19920531
19920605
19920607
19920608
19920609
19920610
19920611
19920612
19920617
19920618
19920619
19920624
19930503
19930504
19930507
19930508
19930510
19930515
19930522
19930523
19930524
19930525
19930526
19930527
19930528
19930602
19930603
19930604
19930606
19930607
19930608
19930609
19930610
19930611
19930623
19930624
19930625
19940502
19940503
19940504
19940511
19940512
19940518
19940522
19940523
19940526
19940527
19940528
19940529
19940530
19940531
19940601
19940602
19940604
19940606
19940615
19940616
19940618
19940619
19940620
19940621
19950501
19950503
19950504
19950505
19950507
19950513
19950514
19950515
19950516
19950517
19950518
19950519
19950521
19950522
19950527
19950604
19950605
19950606
19950608
19950609
19950610
19950611
19950612
19950614
19950615
19950616
19950618
19950628
19950629
19960501
19960502
19960505
19960506
19960507
19960508
19960510
19960511
19960520
19960521
19960527
19960528
19960529
19960530
19960531
19960602
19960606
19960622
19970501
19970502
19970509
19970510
19970517
19970518
19970519
19970520
19970522
19970523
19970530
19970602
19970603
19970604
19970605
19970609
19970610
19970611
19970612
19970613
19970614
19970615
19970616
19980503
19980504
19980505
19980506
19980513
19980515
19980518
19980519
19980520
19980524
19980525
19980526
19980527
19980528
19980530
19980531
19980603
19980604
19980605
19980606
19980607
19980608
19980609
19980610
19980611
19980620
19990504
19990505
19990506
19990509
19990510
19990518
19990519
19990527
19990528
19990603
19990612
19990613
19990614
19990619
19990620
19990621
20000501
20000502
20000503
20000504
20000510
20000519
20000520
20000522
20000528
20000529
20000605
20000606
20000607
20000609
20000610
20000611
20000612
20000613
20000615
20000616
20000617
20000618
20000619
20010501
20010502
20010508
20010509
20010510
20010518
20010519
20010520
20010521
20010522
20010523
20010524
20010525
20010529
20010530
20010531
20010601
20010605
20010606
20010607
20010614
20010615
20010616
20020508
20020510
20020511
20020512
20020516
20020517
20020518
20020522
20020523
20020531
20020601
20020602
20020603
20020604
20020605
20020606
20020607
20020611
20020612
20020613
20020614
20020617
20020618
20020626
20030508
20030515
20030516
20030517
20030518
20030519
20030525
20030607
20030608
20030609
20030610
20030611
20030612
20030614
20030615
20040504
20040505
20040506
20040509
20040513
20040514
20040517
20040521
20040522
20040523
20040524
20040525
20040526
20040527
20040601
20040602
20040603
20040607
20040612
20040617
20040621
20050502
20050503
20050506
20050507
20050509
20050510
20050511
20050512
20050513
20050515
20050516
20050519
20050524
20050525
20050527
20050528
20050529
20050603
20050604
20050612
20050613
20050614
20050615
20050616
20050617
20050618
20050623
20050624
20050625
20060502
20060503
20060507
20060511
20060513
20060514
20060516
20060523
20060524
20060525
20060527
20060528
20060529
20060530
20060531
20060601
20060602
20060603
20060606
20060607
20060608
20060609
20060610
20060611
20060612
20060613
20060615
20060616
20070501
20070505
20070506
20070513
20070514
20070517
20070518
20070519
20070520
20070521
20070522
20070523
20070526
20070528
20070529
20070530
20070602
20070603
20070604
20070605
20070606
20070607
20070608
20070609
20070610
20070611
20070612
20070613
20070615
20070616
20080501
20080505
20080506
20080507
20080510
20080519
20080520
20080521
20080522
20080526
20080530
20080531
20080601
20080602
20080603
20080604
20080605
20080606
20080607
20080612
20080613
20080629
20090517
20090518
20090519
20090521
20090522
20090524
20090525
20090526
20090527
20090603
20090604
20090611
20090612
20090613
20090614
20090615
20090616
20090625
20100507
20100508
20100510
20100512
20100513
20100514
20100515
20100516
20100520
20100523
20100524
20100527
20100528
20100529
20100530
20100531
20100601
20100602
20100603
20100606
20100610
20100611
20100612
20100613
20100614
20100615
20100616
20100617
20100626
20110502
20110503
20110504
20110505
20110512
20110513
20110514
20110515
20110516
20110517
20110519
20110520
20110521
20110522
20110523
20110524
20110525
20110603
20110608
20120502
20120503
20120504
20120509
20120510
20120511
20120515
20120516
20120517
20120518
20120519
20120520
20120521
20120526
20120527
20120528
20120531
20120612
20120613
20120614
20120615
20120616
20130501
20130505
20130510
20130511
20130512
20130513
20130516
20130517
20130519
20130520
20130521
20130522
20130523
20130603
20130604
20130605
20130609
20130610
20130611
20130612
20130613
20140505
20140507
20140508
20140512
20140513
20140515
20140518
20140519
20140520
20140521
20140522
20140523
20140526
20140527
20140528
20140529
20140530
20140603
20140604
20140605
20140606
20140607
20140608
20140609
20140610
20140611
20140619
20140623
20140624
20140629
20150503
20150504
20150507
20150512
20150517
20150519
20150520
20150521
20150522
20150523
20150524
20150525
20150526
20150531
20150601
20150604
20150605
20150606
20150619
20150620
20160503
20160511
20160512
20160516
20160519
20160521
20160522
20160523
20160524
20160530
20160602
20160604
20160605
20160606
20160607
20160614
20160617
20170501
20170502
20170504
20170505
20170506
20170509
20170512
20170513
20170514
20170515
20170516
20170518
20170519
20170524
20170525
20170526
20170527
20170601
20170602
20170603
20170604
20170605
20170606
20170607
20170611
20170612
20170613
20170614
20170615
20170616
20170617
20170618
20170619
20170620
20170621
20170626
20170627
20180502
20180503
20180507
20180508
20180509
20180520
20180522
20180523
20180527
20180528
20180529
20180531
20180601
20180602
20180612
20180613
20180616
20180617
20180618
20180620
20180621
20180622
20190501
20190502
20190508
20190509
20190513
20190516
20190517
20190519
20190520
20190527
20190528
20190531
20190601
20190602
20190603
20190604
20190609
20190610
20190611
20190612
20190613
20190614
20190615
20190622
20190623
20190624
20190625
20200505
20200506
20200510
20200511
20200512
20200516
20200518
20200519
20200520
20200521
20200522
20200523
20200524
20200525
20200526
20200527
20200528
20200529
20200531
20200601
20200606
20200607
20200608
20200622
