864
394
776
911
430
41
265
523
497
414
802
849
310
488
366
597
913
223
516
142
288
143
773
97
633
818
256
545
722
829
616
150
317
101
747
75
870
700
338
483
573
103
362
444
323
625
655
209
565
926
453
886
533
266
63
824
561
14
95
736
860
408
727
844
803
684
640
1
626
505
847
341
249
905
333
720
64
195
581
227
244
822
145
858
556
458
93
82
327
520
501
111
308
564
298
723
127
560
340
834
553
208
914
617
842
601
294
455
853
610
817
938
324
589
247
297
188
193
191
33
627
672
888
487
70
91
695
775
133
153
39
852
716
839
699
400
936
537
282
534
241
220
813
603
429
593
281
461
504
676
656
717
365
84
332
819
118
498
840
645
343
194
248
16
749
277
119
875
225
380
174
841
436
885
898
149
714
224
46
587
649
547
909
696
904
27
843
650
856
620
826
122
804
831
379
783
37
750
22
199
189
735
126
490
215
62
797
23
557
435
635
765
910
71
226
73
662
869
358
446
184
734
515
478
40
830
728
866
204
877
367
481
583
173
688
838
59
692
162
165
350
542
923
120
611
452
681
179
13
482
419
582
850
318
664
787
397
673
697
157
574
12
468
80
779
761
731
287
138
245
493
360
624
833
709
604
648
729
135
907
683
424
808
872
608
196
342
163
670
228
854
387
861
658
32
411
647
428
47
169
456
65
933
161
457
540
782
679
618
0
809
506
865
319
807
51
425
192
883
85
811
15
644
427
895
3
218
882
2
541
100
862
121
203
309
286
186
102
816
406
83
741
793
463
744
262
136
887
355
117
158
285
19
43
934
210
637
571
322
375
586
628
469
445
381
550
182
212
384
845
9
141
154
774
868
345
376
881
346
36
42
276
167
810
296
369
404
132
300
590
489
651
49
315
183
535
72
605
412
336
306
646
848
906
492
485
846
351
753
880
595
509
767
38
698
675
159
170
705
89
67
86
202
725
718
828
8
609
403
284
707
148
229
471
250
511
299
874
347
929
216
559
823
112
619
503
659
742
798
98
912
58
780
420
442
527
359
612
462
269
231
385
621
713
60
254
606
131
106
328
21
878
110
871
74
53
536
234
751
185
279
423
77
464
305
867
755
919
207
326
348
499
710
253
928
902
426
255
800
325
524
476
566
312
496
4
769
361
382
701
418
164
18
268
889
472
772
401
79
778
570
908
665
432
413
240
820
409
579
264
20
415
115
66
763
855
7
388
507
873
657
76
335
235
190
258
893
271
257
17
293
674
576
528
307
629
431
613
105
508
274
539
213
246
198
311
551
917
10
634
630
746
567
259
291
130
522
677
252
134
155
704
654
357
31
599
470
638
748
146
171
28
757
563
377
543
251
759
585
876
5
6
11
24
25
26
29
30
34
35
44
45
48
50
52
54
55
56
57
61
68
69
78
81
87
88
90
92
94
96
99
104
107
108
109
113
114
116
123
124
125
128
129
137
139
140
144
147
151
152
156
160
166
168
172
175
176
177
178
180
181
187
197
200
201
205
206
211
214
217
219
221
222
230
232
233
236
237
238
239
242
243
260
261
263
267
270
272
273
275
278
280
283
289
290
292
295
301
302
303
304
313
314
316
320
321
329
330
331
334
337
339
344
349
352
353
354
356
363
364
368
370
371
372
373
374
378
383
386
389
390
391
392
393
395
396
398
399
402
405
407
410
416
417
421
422
433
434
437
438
439
440
441
443
447
448
449
450
451
454
459
460
465
466
467
473
474
475
477
479
480
484
486
491
494
495
500
502
510
512
513
514
517
518
519
521
525
526
529
530
531
532
538
544
546
548
549
552
554
555
558
562
568
569
572
575
577
578
580
584
588
591
592
594
596
598
600
602
607
614
615
622
623
631
632
636
639
641
642
643
652
653
660
661
663
666
667
668
669
671
678
680
682
685
686
687
689
690
691
693
694
702
703
706
708
711
712
715
719
721
724
726
730
732
733
737
738
739
740
743
745
752
754
756
758
760
762
764
766
768
770
771
777
781
784
785
786
788
789
790
791
792
794
795
796
799
801
805
806
812
814
815
821
825
827
832
835
836
837
851
857
859
863
879
884
890
891
892
894
896
897
899
900
901
903
915
916
918
920
921
922
924
925
927
930
931
932
935
937
939
